% asr testing notes
interesting_s=[8 14 18 29 34 40 51 52 55 64];